Frequenz - Plot 0	Amplitude - Plot 0
0	0
0	-0,00341298
0	0,000552643
0	-0,000546803
0	-0,000542591
0	-7,02E-05
1	-0,000339845
1	-0,000160944
1	-0,000216749
1	-5,87E-05
1	0,000103771
1	-0,000235453
1	-0,000256186
1	-3,52E-05
1	-0,000136198
2	-0,00026892
2	-1,43E-06
2	-0,000112021
2	0,000123539
2	0,000435268
2	0,000426752
2	2,88E-05
2	0,000201837
2	0,000287728
2	0,000267852
2	0,000932593
3	0,000809034
3	0,000795147
3	0,0017254
3	0,00239084
3	0,00361915
3	0,0131048
3	-0,00171006
3	0,000580988
3	0,000486851
4	0,000605074
4	0,000413876
4	0,000383763
4	0,000642295
4	0,000595652
4	0,000607251
4	0,000491261
4	0,000437162
4	0,000525092
4	0,000562295
4	0,000684476
5	0,000478468
5	0,00050213
5	0,000537902
5	0,000611238
5	0,000517858
5	0,00066821
5	0,000567444
5	0,000639695
5	0,000618179
6	0,000791573
6	0,000744385
6	0,000908255
6	0,00104505
6	0,00111498
6	0,0012031
6	0,00144691
6	0,00122365
6	0,00129909
6	0,00158154
6	0,00146814
7	0,00162215
7	0,00148979
7	0,001545
7	0,00155162
7	0,00133954
7	0,00136187
7	0,00154091
7	0,00173289
7	0,00196558
8	0,00207216
8	0,0023365
8	0,00233967
8	0,00269241
8	0,0027117
8	0,00295418
8	0,00337599
8	0,00334331
8	0,00389489
8	0,00459929
8	0,00515026
9	0,00571361
9	0,00622698
9	0,00726061
9	0,00888504
9	0,0116202
9	0,0157534
9	0,0210902
9	0,0150564
9	0,00700051
10	0,00788375
10	0,00567469
10	0,0033054
10	0,00360789
10	0,00392742
10	0,00240151
10	0,00184442
10	0,00039551
10	-0,00067699
10	-0,0012477
10	-0,00107714
11	-0,000324007
11	0,000225325
11	0,000748843
11	0,000227665
11	0,000255776
11	0,000645991
11	0,000596317
11	0,00060331
11	0,000719435
12	0,000422644
12	0,000555649
12	0,000367848
12	0,000577343
12	0,000522244
12	0,000443551
12	0,000445039
12	0,000227195
12	0,000498876
12	0,000724483
12	0,00057697
13	0,000391143
13	0,000230878
13	0,000455399
13	0,000247519
13	0,000694758
13	0,000766334
13	0,000603205
13	0,000618956
13	0,00056751
14	0,000487673
14	0,000625436
14	0,000628775
14	0,000585385
14	0,000684022
14	0,000674906
14	0,000791312
14	0,000754346
14	0,000887044
14	0,00072247
14	0,000794339
15	0,000890403
15	0,000791185
15	0,000877416
15	0,000890808
15	0,00117166
15	0,00112584
15	0,00155662
15	0,00205385
15	0,00291239
16	0,00411201
16	0,00487548
16	0,00633227
16	0,00851653
16	0,0122032
16	0,020239
16	0,0219325
16	0,00188419
16	0,0022185
16	0,00211153
16	0,00231277
17	0,0021333
17	0,00211414
17	0,00236791
17	0,002356
17	0,00223314
17	0,00216478
17	0,00211785
17	0,00192429
17	0,00183829
18	0,00177247
18	0,0016203
18	0,00153519
18	0,00137308
18	0,00124837
18	0,00101123
18	0,000946841
18	0,000709747
18	0,000623917
18	0,000464629
18	0,000251401
19	0,0002357
19	8,77E-05
19	4,48E-05
19	0,000163283
19	0,000193629
19	0,000293425
19	0,000204844
19	0,000375285
19	0,000455263
20	0,000536041
20	0,0006081
20	0,000608509
20	0,000705671
20	0,00076502
20	0,000650759
20	0,00074784
20	0,000803222
20	0,000860834
20	0,000808729
20	0,000880822
21	0,0008878
21	0,000890541
21	0,000915654
21	0,00091854
21	0,000998705
21	0,00116549
21	0,00134362
21	0,00160725
21	0,00198903
22	0,00222295
22	0,00251483
22	0,00271976
22	0,00259708
22	0,00182764
22	0,00111468
22	0,000516971
22	0,000184826
22	0,000523023
22	0,000428275
22	0,000309681
23	0,000363535
23	0,000403816
23	0,000511991
23	0,000514747
23	0,000522846
23	0,000643183
23	0,000699417
23	0,000727759
23	0,00066278
24	0,000548995
24	0,00035539
24	0,000288985
24	7,43E-05
24	-6,82E-05
24	-0,000140329
24	2,37E-05
24	0,000215935
24	0,000374954
24	0,000778021
24	0,00111221
25	0,00156785
25	0,00151149
25	0,00130562
25	0,00114355
25	0,00122738
25	0,0010927
25	0,00102377
25	0,000827601
25	0,000650907
26	0,000545741
26	0,000400714
26	0,000310849
26	0,000282469
26	0,000234867
26	0,000218497
26	0,000171581
26	0,00025624
26	0,000285923
26	0,000285965
26	0,000386218
27	0,000383247
27	0,000349059
27	0,000375465
27	0,000452002
27	0,000396774
27	0,000460876
27	0,000425528
27	0,000387231
27	0,000467137
28	0,000469144
28	0,000425133
28	0,000504583
28	0,000500205
28	0,000518198
28	0,000600853
28	0,000480228
28	0,000610743
28	0,000585976
28	0,000489925
28	0,000522204
29	0,00056618
29	0,000606138
29	0,000521693
29	0,000438647
29	0,000492888
29	0,000515546
29	0,000589694
29	0,000487609
29	0,000531764
30	0,00047627
30	0,000492312
30	0,000527925
30	0,000579531
30	0,000597922
30	0,000599826
30	0,000613049
30	0,000610513
30	0,000638378
30	0,000702974
30	0,000611533
31	0,000767455
31	0,000853225
31	0,00097141
31	0,00120334
31	0,00142153
31	0,00184247
31	0,00221173
31	0,00257203
31	0,00280218
32	0,00270407
32	0,00237308
32	0,00256255
32	0,0025955
32	0,0027609
32	0,00294593
32	0,00292014
32	0,00322206
32	0,00352748
32	0,00371568
32	0,0042977
33	0,00469475
33	0,00527378
33	0,0059268
33	0,0066446
33	0,007677
33	0,00866972
33	0,00978919
33	0,0111313
33	0,0122878
34	0,0138579
34	0,0150173
34	0,0163636
34	0,0174937
34	0,0181077
34	0,0186267
34	0,0177812
34	0,0154688
34	0,0111846
34	0,00564225
34	-0,000492921
35	-0,00448535
35	-0,00270694
35	0,000760305
35	0,00154105
35	0,00156784
35	0,0013829
35	0,00144891
35	0,00180824
35	0,00155707
36	0,00144924
36	0,00162948
36	0,00170332
36	0,00186263
36	0,00210299
36	0,00234065
36	0,00267448
36	0,00299574
36	0,00325602
36	0,00362811
36	0,00389719
37	0,00438837
37	0,00484188
37	0,00531613
37	0,0060605
37	0,00662754
37	0,00726702
37	0,00798398
37	0,00871181
37	0,00943144
38	0,00975978
38	0,00970628
38	0,00957281
38	0,00920221
38	0,00918693
38	0,00906429
38	0,00867777
38	0,00814917
38	0,0075267
38	0,00658496
38	0,00585211
39	0,0048423
39	0,00386527
39	0,00267843
39	0,00177689
39	0,00102838
39	0,000346761
39	-7,62E-05
39	-9,75E-05
39	0,000154749
40	0,000891133
40	0,00169071
40	0,00216077
40	0,00224365
40	0,00169439
40	0,00167714
40	0,00150761
40	0,00133331
40	0,00114435
40	0,00109746
40	0,00104866
41	0,00101547
41	0,000962773
41	0,000882915
41	0,000762222
41	0,000767963
41	0,00076704
41	0,000690275
41	0,00062345
41	0,000499388
42	0,000520139
42	0,000387837
42	0,000300217
42	0,000212352
42	0,000187931
42	0,000177561
42	0,000188266
42	0,000190388
42	0,000245932
42	0,000328859
42	0,00042398
43	0,000468787
43	0,000531794
43	0,000558369
43	0,000617257
43	0,000626258
43	0,00076763
43	0,000852174
43	0,00099888
43	0,00103236
44	0,00109696
44	0,00106374
44	0,000975904
44	0,000918272
44	0,000830399
44	0,000783163
44	0,000746399
44	0,000713398
44	0,000761657
44	0,000684512
44	0,000698397
45	0,000688411
45	0,000638659
45	0,00061867
45	0,000674016
45	0,000647895
45	0,000623028
45	0,000664534
45	0,000652726
45	0,000607753
46	0,000558734
46	0,000548334
46	0,00050134
46	0,000488067
46	0,000454225
46	0,000446415
46	0,000366144
46	0,000386826
46	0,000297532
46	0,00025598
46	0,000363536
47	0,000266074
47	0,000219389
47	0,000225751
47	0,000214906
47	0,000125158
47	5,30E-05
47	-4,79E-05
47	-4,89E-05
47	1,21E-05
48	4,48E-05
48	2,04E-05
48	-5,82E-05
48	-0,000118865
48	-3,59E-05
48	-2,90E-05
48	-3,88E-05
48	-1,12E-06
48	5,30E-05
48	3,06E-05
48	0,000105831
49	9,80E-05
49	0,000120624
49	0,000114037
49	0,000124426
49	0,000149192
49	0,000191903
49	0,000203423
49	0,000221619
49	0,000182117
50	0,000296101
50	0,000324201
50	0,000340251
50	0,000293005
50	0,000362513
50	0,000324975
