Frequenz - Plot 0	Amplitude - Plot 0
0	0,0421086
0	-0,00072048
0	0,000222402
0	-0,000874447
0	0,000252862
0	4,46E-05
1	0,000149968
1	5,24E-05
1	-0,000357261
1	-0,000276457
1	-0,00025679
1	-0,000109228
1	-0,00029707
1	-0,000243288
1	-0,000432311
2	-0,000337796
2	-1,92E-05
2	-0,000253747
2	-0,000129411
2	-0,000327389
2	-8,54E-06
2	-0,000167412
2	-3,97E-05
2	-0,000570692
2	-0,000116978
2	-7,77E-05
3	-0,000370347
3	-0,000316424
3	-0,000597182
3	-0,000255702
3	-0,000879754
3	-0,00185902
3	0,00429912
3	0,00113723
3	0,000528975
4	0,000257807
4	0,000259069
4	0,000264598
4	6,86E-05
4	0,000182156
4	0,000218688
4	0,000218343
4	0,000223878
4	0,000275034
4	0,000248819
4	0,000160787
5	0,000196303
5	0,000273742
5	0,000184603
5	7,94E-05
5	0,00011456
5	0,000206573
5	0,000197661
5	0,000205275
5	0,000254394
6	0,000242179
6	0,00023481
6	0,00029499
6	0,000341498
6	0,00045899
6	0,000280787
6	0,000343371
6	0,000183485
6	0,000228332
6	0,000161844
6	0,000358853
7	0,000165245
7	-4,97E-05
7	-5,44E-05
7	-0,000114048
7	-0,000442916
7	-0,000494751
7	-0,000693115
7	-0,000496997
7	-0,00030599
8	-0,000186735
8	-0,000182445
8	-0,000165219
8	-0,000127113
8	-4,58E-05
8	7,84E-06
8	0,000159108
8	0,000243206
8	0,000235383
8	0,000377523
8	0,000467581
9	0,000346483
9	0,000640262
9	0,000614724
9	0,000902625
9	0,000985736
9	0,000747529
9	9,31E-05
9	-0,0065989
9	-0,00535363
10	-0,00344083
10	-0,00331475
10	-0,00336319
10	-0,00335196
10	-0,00216848
10	-0,000731403
10	-0,000189211
10	0,00091232
10	0,00230647
10	0,00277848
10	0,00299657
11	0,00221081
11	0,00127598
11	0,000235038
11	-0,000577648
11	-7,09E-06
11	0,00013758
11	0,000808615
11	-8,49E-06
11	3,70E-05
12	0,000100698
12	-1,79E-05
12	-8,05E-05
12	-0,000188524
12	-0,000213808
12	-0,00015553
12	-0,000263396
12	-0,00026014
12	-0,000263159
12	-0,000255437
12	-0,000303194
13	-0,00023385
13	-0,000227251
13	-0,000328622
13	-0,000332362
13	-0,000419678
13	-0,000489063
13	-0,000513461
13	-0,000598595
13	-0,000598834
14	-0,000552801
14	-0,000598544
14	-0,000686794
14	-0,000672334
14	-0,000783562
14	-0,000803929
14	-0,000798587
14	-0,000895959
14	-0,00109036
14	-0,00119598
14	-0,00132888
15	-0,00151407
15	-0,00171347
15	-0,00186894
15	-0,00204389
15	-0,00216057
15	-0,00229856
15	-0,00253185
15	-0,00267279
15	-0,00278315
16	-0,00273723
16	-0,00273543
16	-0,0026122
16	-0,00256799
16	-0,00289601
16	-0,00309109
16	0,0055471
16	0,0153021
16	0,00679727
16	0,00496978
16	0,00415581
17	0,00368082
17	0,00331926
17	0,00311666
17	0,0028698
17	0,00283759
17	0,00262993
17	0,0025468
17	0,0025879
17	0,00262202
18	0,00254875
18	0,00246296
18	0,0025551
18	0,00248081
18	0,00233256
18	0,00223757
18	0,00207443
18	0,00205212
18	0,00201619
18	0,00194057
18	0,00200938
19	0,00206226
19	0,00199876
19	0,00197587
19	0,00197516
19	0,00186794
19	0,00195864
19	0,00190199
19	0,00191071
19	0,00203907
20	0,00201074
20	0,00205853
20	0,00208851
20	0,0021595
20	0,00221303
20	0,00233539
20	0,00230572
20	0,00232066
20	0,0024103
20	0,00241306
20	0,00252734
21	0,00250284
21	0,00251261
21	0,00252279
21	0,0025613
21	0,00241268
21	0,00236835
21	0,00240562
21	0,00218045
21	0,00214754
22	0,00206979
22	0,00170091
22	0,000711084
22	-0,0011027
22	-0,00326868
22	-0,00365084
22	-0,00264164
22	-0,00189101
22	-0,00146028
22	-0,00133577
22	-0,00119046
23	-0,00108033
23	-0,00110706
23	-0,00120963
23	-0,00124142
23	-0,00127571
23	-0,00120121
23	-0,00123422
23	-0,00127128
23	-0,00132591
24	-0,00125597
24	-0,00119901
24	-0,00117511
24	-0,00106411
24	-0,0010794
24	-0,0010609
24	-0,00112418
24	-0,00129699
24	-0,00142643
24	-0,00144379
24	-0,00122664
25	-0,000576461
25	0,000870955
25	0,00271191
25	0,00263359
25	0,00212592
25	0,00230749
25	0,00261172
25	0,00296465
25	0,00307676
26	0,00309926
26	0,00295457
26	0,00266264
26	0,00244534
26	0,00227423
26	0,00208858
26	0,00200831
26	0,00194723
26	0,00196275
26	0,00191977
26	0,00182502
27	0,00184729
27	0,00186928
27	0,0018779
27	0,00182937
27	0,00178804
27	0,00181579
27	0,0017885
27	0,00181549
27	0,00182919
28	0,00185299
28	0,00183558
28	0,00182627
28	0,0019036
28	0,00199148
28	0,00203253
28	0,00206384
28	0,00216783
28	0,00227588
28	0,00226508
28	0,00238585
29	0,00247249
29	0,00248477
29	0,0025313
29	0,00258691
29	0,00259108
29	0,00254727
29	0,00258272
29	0,00259896
29	0,00263863
30	0,00271858
30	0,00275306
30	0,00278033
30	0,00283272
30	0,00290092
30	0,00294249
30	0,00299955
30	0,00304133
30	0,00310651
30	0,00317405
30	0,00331035
31	0,00350446
31	0,0035218
31	0,00364039
31	0,00369365
31	0,00395296
31	0,0039863
31	0,00425714
31	0,00435004
31	0,00441867
32	0,00454259
32	0,00472785
32	0,00488597
32	0,0049954
32	0,00526938
32	0,0054433
32	0,00565752
32	0,00588744
32	0,00590958
32	0,00617424
32	0,00644452
33	0,00680853
33	0,00711936
33	0,00738315
33	0,0076343
33	0,00786129
33	0,00803175
33	0,00799969
33	0,00791838
33	0,00755504
34	0,00710282
34	0,00621636
34	0,00487421
34	0,00305339
34	0,000526557
34	-0,00277398
34	-0,00684632
34	-0,011634
34	-0,0167242
34	-0,0194321
34	-0,0153984
35	-0,00601875
35	-0,00322987
35	-0,00355437
35	-0,00346804
35	-0,00319171
35	-0,00304451
35	-0,00267171
35	-0,00219685
35	-0,00197781
36	-0,00177832
36	-0,0014828
36	-0,00130248
36	-0,00114104
36	-0,000915185
36	-0,000851678
36	-0,000731067
36	-0,000535469
36	-0,000430201
36	-0,00031741
36	-0,00025091
37	-0,000186818
37	-9,32E-05
37	-6,67E-05
37	-0,000134829
37	-0,000155292
37	-0,000378746
37	-0,000524412
37	-0,000752546
37	-0,00111285
38	-0,00146599
38	-0,0019411
38	-0,00261377
38	-0,00302846
38	-0,00347467
38	-0,00407734
38	-0,00455675
38	-0,00519441
38	-0,0058
38	-0,00639023
38	-0,00684364
39	-0,00734712
39	-0,0076476
39	-0,00788327
39	-0,00793706
39	-0,00798529
39	-0,00764285
39	-0,00717035
39	-0,00652693
39	-0,0056195
40	-0,00465114
40	-0,00365491
40	-0,00302356
40	-0,00292255
40	-0,00302861
40	-0,00310881
40	-0,0033158
40	-0,00347007
40	-0,00331741
40	-0,00316857
40	-0,00316673
41	-0,00286376
41	-0,00298141
41	-0,00277976
41	-0,00285038
41	-0,00291701
41	-0,00290864
41	-0,00274005
41	-0,00263153
41	-0,00262531
42	-0,00258918
42	-0,00244535
42	-0,00240905
42	-0,00230692
42	-0,00222592
42	-0,00213734
42	-0,00221356
42	-0,00212469
42	-0,00211438
42	-0,00212035
42	-0,00217059
43	-0,00209334
43	-0,00218653
43	-0,00211003
43	-0,00215885
43	-0,00220142
43	-0,00212523
43	-0,00212937
43	-0,00216837
43	-0,00211295
44	-0,00207694
44	-0,00200831
44	-0,00195755
44	-0,00189938
44	-0,00186871
44	-0,00187146
44	-0,00186918
44	-0,00180962
44	-0,00182189
44	-0,00180087
44	-0,00180084
45	-0,00172193
45	-0,00169393
45	-0,00167056
45	-0,00163794
45	-0,00164258
45	-0,00167253
45	-0,00158964
45	-0,00165818
45	-0,0016131
46	-0,00167473
46	-0,00166514
46	-0,00158862
46	-0,00156765
46	-0,00160743
46	-0,00158581
46	-0,00159064
46	-0,00157427
46	-0,00153702
46	-0,00159394
46	-0,0015821
47	-0,00150312
47	-0,00149303
47	-0,00152032
47	-0,00149575
47	-0,00145421
47	-0,00147069
47	-0,00145841
47	-0,00147163
47	-0,00148101
48	-0,00142131
48	-0,0014736
48	-0,00149048
48	-0,00147453
48	-0,00154006
48	-0,0015123
48	-0,00151917
48	-0,00147712
48	-0,00152395
48	-0,00149425
48	-0,00143359
49	-0,00142536
49	-0,00141169
49	-0,00137078
49	-0,0013576
49	-0,00139208
49	-0,00138553
49	-0,0013791
49	-0,00140794
49	-0,00137459
50	-0,0014005
50	-0,00142848
50	-0,00144483
50	-0,00142635
50	-0,00139625
50	-0,00146939
