Frequenz - Plot 0	Amplitude - Plot 0
0	0
0	0,00129875
0	1,90E-05
0	-0,00125867
0	-0,000238073
0	-0,00047081
1	-0,000363784
1	-0,000423574
1	-0,000139114
1	-1,53E-05
1	-0,000217683
1	-0,00013765
1	-0,000256608
1	0,000146859
1	0,000112128
2	5,17E-05
2	-0,000167676
2	4,50E-05
2	-0,000170425
2	2,27E-05
2	-0,000357739
2	0,000343955
2	-8,18E-05
2	0,000284557
2	0,000125904
2	0,000119905
3	0,00038679
3	0,000237162
3	0,000634581
3	0,00122422
3	-0,000112295
3	0,001103
3	0,000963665
3	0,000114832
3	-6,92E-05
4	0,000199731
4	0,000122896
4	1,60E-05
4	-2,89E-05
4	-3,85E-05
4	-4,08E-06
4	-0,000130277
4	-7,64E-06
4	-0,00017575
4	5,57E-05
4	-6,88E-05
5	2,30E-05
5	6,49E-05
5	4,13E-05
5	-2,70E-05
5	-0,000103883
5	-4,66E-05
5	1,05E-05
5	-0,000181652
5	-7,61E-05
6	-0,000161609
6	7,40E-05
6	-0,000112226
6	-9,29E-05
6	-0,000201804
6	-0,000234912
6	-0,000334653
6	-0,000255082
6	-0,000334976
6	-0,000353163
6	-0,000368055
7	-0,000516602
7	-0,000654176
7	-0,000751665
7	-0,000699542
7	-0,000490846
7	-0,000658138
7	-0,000186515
7	0,000214142
7	0,000175636
8	5,30E-05
8	-5,29E-05
8	3,13E-05
8	6,46E-05
8	-5,26E-05
8	1,82E-05
8	-3,57E-05
8	-4,05E-05
8	-0,000172725
8	-0,00014142
8	-0,000347383
9	-0,000351166
9	-0,000577928
9	-0,000559061
9	-0,000885759
9	-0,0017295
9	-0,00284373
9	-0,00520072
9	-0,00805026
9	0,00400968
10	0,0018647
10	0,0014304
10	0,00188472
10	0,00287443
10	0,00351911
10	0,0037104
10	0,00357666
10	0,00378085
10	0,00262307
10	0,00156649
10	0,000627505
11	-0,000781631
11	-0,000935825
11	-0,00128429
11	0,000112973
11	2,00E-05
11	0,000383248
11	-7,33E-05
11	-3,72E-05
11	0,000207506
12	8,30E-05
12	5,13E-05
12	9,37E-05
12	3,78E-05
12	-7,43E-05
12	1,65E-05
12	7,53E-05
12	4,04E-06
12	8,63E-05
12	6,63E-05
12	6,13E-06
13	6,37E-05
13	0,000109073
13	0,00015212
13	9,22E-05
13	0,000152377
13	0,00026555
13	0,000148852
13	0,00020165
13	0,000311371
14	0,000293293
14	0,000226396
14	0,000128016
14	9,63E-05
14	0,000177046
14	0,000184856
14	0,000350742
14	0,000358301
14	0,000356595
14	0,000420756
14	0,000546331
15	0,000751237
15	0,000747779
15	0,000921537
15	0,00100747
15	0,00121464
15	0,00137569
15	0,00177099
15	0,00203329
15	0,0025439
16	0,00311339
16	0,00397054
16	0,00488855
16	0,0059471
16	0,00768914
16	0,0123407
16	0,0234744
16	-0,00641719
16	-0,000247321
16	0,000597332
16	0,000984108
17	0,00105023
17	0,000967691
17	0,000986943
17	0,000733153
17	0,000626327
17	0,000456331
17	0,000369598
17	0,000292373
17	8,73E-05
18	2,91E-05
18	7,35E-06
18	6,25E-05
18	9,11E-05
18	3,60E-05
18	-4,22E-05
18	0,000110898
18	2,74E-05
18	5,24E-05
18	4,03E-05
18	-8,62E-05
19	-0,000135303
19	-0,000193929
19	-0,000216302
19	-0,000207429
19	-0,000288046
19	-0,00038083
19	-0,000232959
19	-0,000114928
19	-0,000140176
20	-3,72E-05
20	-0,000137659
20	-0,000195026
20	-0,0001967
20	-0,000408319
20	-0,000484449
20	-0,000562874
20	-0,000651695
20	-0,00070611
20	-0,000950432
20	-0,00101494
21	-0,00116716
21	-0,00130997
21	-0,00147346
21	-0,00165372
21	-0,00187459
21	-0,00209732
21	-0,00228597
21	-0,00273735
21	-0,0030589
22	-0,00361693
22	-0,00452119
22	-0,00534294
22	-0,00564175
22	-0,00442079
22	-0,00213848
22	-0,00103484
22	-0,000653539
22	-0,000611848
22	-0,00061165
22	-0,000497881
23	-0,000564627
23	-0,000517689
23	-0,000424506
23	-0,000400006
23	-0,000252887
23	-0,000181782
23	-9,16E-05
23	2,28E-05
23	0,000247875
24	0,000320125
24	0,000555951
24	0,000730349
24	0,0009271
24	0,00102472
24	0,00114494
24	0,00124278
24	0,00138491
24	0,00183797
24	0,00239594
24	0,00314236
25	0,0040487
25	0,00465812
25	0,00383571
25	0,00207788
25	0,00209742
25	0,00207619
25	0,00203801
25	0,00164758
25	0,00134907
26	0,000832157
26	0,000418965
26	9,84E-05
26	2,64E-05
26	-6,11E-05
26	-7,74E-05
26	-6,63E-05
26	3,99E-06
26	-7,69E-05
26	-5,66E-05
26	-4,64E-05
27	-7,03E-05
27	9,75E-06
27	-3,88E-05
27	-4,04E-05
27	6,01E-05
27	-2,27E-05
27	3,77E-05
27	-1,12E-05
27	-3,59E-05
28	-2,73E-06
28	4,04E-05
28	7,61E-05
28	0,000119305
28	6,61E-05
28	9,31E-05
28	0,000104599
28	0,000181471
28	0,00018238
28	0,000114128
28	8,55E-05
29	5,59E-05
29	-4,70E-05
29	-0,000111636
29	-0,000220498
29	-0,000225283
29	-0,000280972
29	-0,000323032
29	-0,000347262
29	-0,00033882
30	-0,000381302
30	-0,000348207
30	-0,000405543
30	-0,000330687
30	-0,000322171
30	-0,00036503
30	-0,000405376
30	-0,000438347
30	-0,000492727
30	-0,000501018
30	-0,000584971
31	-0,000563249
31	-0,000647034
31	-0,000706224
31	-0,000685188
31	-0,000774667
31	-0,000776224
31	-0,000904558
31	-0,00113826
31	-0,00114934
32	-0,00119539
32	-0,00139512
32	-0,00148328
32	-0,00163326
32	-0,00183701
32	-0,00205738
32	-0,00234494
32	-0,00263512
32	-0,00288876
32	-0,00298876
32	-0,00334437
33	-0,00367878
33	-0,00420491
33	-0,00468301
33	-0,00544895
33	-0,0061795
33	-0,00713942
33	-0,00825159
33	-0,00945537
33	-0,0107433
34	-0,0122858
34	-0,013915
34	-0,0154556
34	-0,0171228
34	-0,0183813
34	-0,0192074
34	-0,0193388
34	-0,0178365
34	-0,0135958
34	-0,00558375
34	0,00313094
35	0,00464561
35	3,05E-05
35	-0,00131127
35	-0,0015237
35	-0,00152664
35	-0,00144649
35	-0,00142403
35	-0,00157266
35	-0,00166028
36	-0,00172395
36	-0,00177582
36	-0,00189693
36	-0,00202452
36	-0,0021766
36	-0,00237377
36	-0,00241521
36	-0,00256522
36	-0,0027993
36	-0,00300174
36	-0,00320463
37	-0,00341177
37	-0,00370272
37	-0,00402049
37	-0,00436059
37	-0,00460282
37	-0,00492713
37	-0,00521095
37	-0,00551533
37	-0,00592511
38	-0,00623923
38	-0,00650247
38	-0,00653634
38	-0,00649529
38	-0,00660643
38	-0,00653667
38	-0,0062336
38	-0,00617429
38	-0,00595501
38	-0,00555059
38	-0,00496233
39	-0,00423462
39	-0,0036721
39	-0,00282638
39	-0,00211166
39	-0,00112874
39	-0,000305378
39	0,000603178
39	0,00126193
39	0,00177673
40	0,00187376
40	0,00166515
40	0,00112181
40	0,000476214
40	-2,06E-05
40	4,16E-05
40	0,000135559
40	0,000497275
40	4,91E-05
40	0,000149516
40	0,000125251
41	0,000113723
41	5,57E-06
41	6,85E-05
41	7,70E-05
41	0,000107517
41	0,000113539
41	0,000153119
41	0,000177279
41	0,0002775
42	0,00026058
42	0,000252202
42	0,000257437
42	0,000215406
42	0,000168069
42	0,000120831
42	0,000134777
42	1,65E-05
42	-7,44E-06
42	3,43E-05
42	3,60E-05
43	-1,72E-05
43	-4,48E-05
43	-2,82E-05
43	4,85E-05
43	-2,08E-05
43	5,64E-05
43	6,43E-05
43	6,69E-05
43	8,74E-05
44	0,0002318
44	0,000215046
44	0,000205747
44	0,000185132
44	0,000102224
44	0,000130996
44	0,000108218
44	0,000164711
44	0,000142045
44	0,000152698
44	0,000133835
45	0,000159803
45	0,000137505
45	0,00013226
45	0,000168863
45	5,71E-05
45	5,60E-05
45	5,48E-05
45	-4,01E-05
45	4,19E-05
46	6,47E-05
46	5,35E-05
46	7,65E-05
46	6,75E-05
46	0,000102768
46	2,38E-05
46	3,52E-05
46	3,54E-05
46	2,98E-05
46	3,75E-05
46	7,78E-05
47	6,25E-05
47	4,23E-05
47	2,60E-05
47	2,02E-05
47	4,22E-05
47	2,87E-05
47	2,61E-05
47	-1,95E-05
47	-1,49E-05
48	-3,92E-05
48	-4,31E-06
48	-6,99E-06
48	-3,36E-05
48	-4,66E-05
48	-4,48E-05
48	-8,37E-07
48	4,56E-06
48	3,08E-05
48	8,92E-05
48	6,03E-05
49	4,89E-05
49	6,18E-05
49	8,10E-05
49	6,16E-05
49	-8,34E-06
49	-1,54E-05
49	-1,73E-05
49	-7,74E-05
49	-7,26E-05
50	-0,000112406
50	-0,000142935
50	-8,91E-05
50	-3,62E-05
50	-6,60E-05
50	-4,66E-05
