Frequenz - Plot 0	Amplitude - Plot 0
0	0
0	-0,000415274
0	0,000780776
0	-0,00148688
0	-7,36E-06
0	-0,000827239
1	0,000497968
1	-0,000107716
1	0,00095411
1	-0,000150793
1	0,000556825
1	6,54E-05
1	-0,000388115
1	-0,000577778
1	0,000146446
2	0,000272928
2	4,12E-05
2	0,000287438
2	0,000164448
2	-0,000206897
2	2,90E-05
2	0,000448202
2	-0,000197422
2	0,000463018
2	0,00064406
2	0,000703609
3	0,00105205
3	0,00144419
3	0,00325822
3	0,0106339
3	0,00413873
3	0,000819124
3	0,000204876
3	-0,000176286
3	0,000128143
4	0,000381251
4	0,000361238
4	0,000331293
4	0,000384696
4	0,000282233
4	-4,47E-05
4	0,000194055
4	0,000308659
4	0,000371232
4	0,000336707
4	0,000445368
5	0,000455698
5	0,000562073
5	0,000364531
5	0,000554907
5	0,000323901
5	0,00057139
5	0,000409924
5	0,000599991
5	0,000587054
6	0,000770872
6	0,000807078
6	0,000728177
6	0,000620625
6	0,000898474
6	0,00123251
6	0,00115473
6	0,00123297
6	0,00147198
6	0,00175878
6	0,00197652
7	0,00222241
7	0,00243418
7	0,00274035
7	0,00296604
7	0,00336797
7	0,00336524
7	0,00390243
7	0,00444065
7	0,00506867
8	0,00585145
8	0,00694846
8	0,00754241
8	0,00846449
8	0,00918977
8	0,00985971
8	0,0107451
8	0,0110408
8	0,0114021
8	0,0114556
8	0,0109271
9	0,00962954
9	0,00830248
9	0,00597669
9	0,00276903
9	-0,000916433
9	-0,00326682
9	-0,00296539
9	0,00382474
9	0,0112239
10	0,00602595
10	0,00621546
10	0,00664363
10	0,00607519
10	0,00545853
10	0,00463725
10	0,00382677
10	0,00333466
10	0,00238011
10	0,00214479
10	0,00191933
11	0,00193051
11	0,00214682
11	0,00185005
11	0,00162123
11	0,00138301
11	0,00124773
11	0,00129871
11	0,0012273
11	0,00134586
12	0,00139699
12	0,00132351
12	0,00124208
12	0,00113841
12	0,00113124
12	0,00108924
12	0,00119519
12	0,00120532
12	0,00116911
12	0,00110802
12	0,000948593
13	0,000959114
13	0,000754499
13	0,000724381
13	0,000579756
13	0,000498111
13	0,00060125
13	0,000439829
13	0,000458562
13	0,000418254
14	0,000512387
14	0,000349805
14	0,000293878
14	0,000475153
14	0,000325649
14	0,000351366
14	0,000347398
14	0,000491691
14	0,000332113
14	0,000514888
14	0,000373217
15	0,000339206
15	0,000292454
15	0,0004461
15	0,000562438
15	0,000710506
15	0,000919625
15	0,00117931
15	0,00146302
15	0,00208491
16	0,00248883
16	0,00318458
16	0,00375155
16	0,00479261
16	0,00608172
16	0,00999909
16	0,0165445
16	8,53E-05
16	0,00149005
16	0,00170045
16	0,0018532
17	0,0018921
17	0,00185777
17	0,00186884
17	0,00167362
17	0,00169571
17	0,00195619
17	0,0017811
17	0,00177883
17	0,00203105
18	0,00179383
18	0,00165198
18	0,00157282
18	0,00137216
18	0,00117767
18	0,00106201
18	0,000761561
18	0,000557253
18	0,000504402
18	0,000514787
18	0,000422054
19	0,000319694
19	0,000299524
19	0,000364613
19	0,000456696
19	0,000385647
19	0,000388565
19	0,000356115
19	0,000390533
19	0,000339766
20	0,000218266
20	0,000433517
20	0,000537899
20	0,00049421
20	0,000629673
20	0,000713888
20	0,00053612
20	0,000619529
20	0,000532288
20	0,000439269
20	0,000363698
21	0,000385868
21	0,000226484
21	0,000301967
21	0,000310953
21	0,00035331
21	0,000400434
21	0,00041769
21	0,000466985
21	0,00054419
22	0,000858156
22	0,000879057
22	0,00142677
22	0,00212403
22	0,00301308
22	0,00257568
22	0,00217525
22	0,0013598
22	0,00149381
22	0,00116908
22	0,00117732
23	0,00107919
23	0,00118026
23	0,00134046
23	0,00169745
23	0,00209731
23	0,00233425
23	0,00243881
23	0,00244514
23	0,00241112
24	0,00224238
24	0,00189612
24	0,00161475
24	0,00110726
24	0,000785029
24	0,000688964
24	0,000659771
24	0,000655086
24	0,000714575
24	0,000749695
24	0,00078652
25	0,000861921
25	0,000935821
25	0,000894289
25	0,000925075
25	0,000931231
25	0,000779897
25	0,000780131
25	0,000615527
25	0,000563369
26	0,000693863
26	0,000802861
26	0,000894785
26	0,00108983
26	0,00107471
26	0,000984799
26	0,000883679
26	0,000763037
26	0,000773103
26	0,000693204
26	0,000767677
27	0,00063035
27	0,000707156
27	0,000695211
27	0,000647173
27	0,000550306
27	0,000708561
27	0,000652858
27	0,000769366
27	0,000722665
28	0,000730436
28	0,000718521
28	0,000728377
28	0,000751513
28	0,000715982
28	0,000708661
28	0,000816528
28	0,000793505
28	0,000905969
28	0,000919473
28	0,00095326
29	0,00101562
29	0,0010177
29	0,00106639
29	0,00110297
29	0,00105546
29	0,00119732
29	0,00119648
29	0,00124231
29	0,00136578
30	0,00142014
30	0,00145536
30	0,00147824
30	0,00162775
30	0,00170229
30	0,00181732
30	0,00194416
30	0,00196799
30	0,00212758
30	0,00220066
30	0,0023244
31	0,00243349
31	0,00264061
31	0,00274517
31	0,00292016
31	0,00302664
31	0,00336911
31	0,00360981
31	0,00390134
31	0,00433942
32	0,00464453
32	0,00499971
32	0,00551732
32	0,00598762
32	0,00630013
32	0,00680566
32	0,00721133
32	0,00777252
32	0,00815037
32	0,00846543
32	0,00891352
33	0,00945082
33	0,00999166
33	0,0105015
33	0,0111185
33	0,0116448
33	0,0122352
33	0,01276
33	0,0132493
33	0,0139525
34	0,0144501
34	0,014938
34	0,0152252
34	0,015548
34	0,0158848
34	0,0158951
34	0,0158115
34	0,0156491
34	0,015051
34	0,0149742
34	0,0141552
35	0,013963
35	0,013322
35	0,0123792
35	0,0113188
35	0,010385
35	0,00934021
35	0,00850737
35	0,00749214
35	0,00632173
36	0,00541797
36	0,00441967
36	0,00368743
36	0,00294991
36	0,00243697
36	0,00222238
36	0,00195495
36	0,00203993
36	0,00209807
36	0,00246661
36	0,00265535
37	0,00290064
37	0,00298286
37	0,00282349
37	0,00264248
37	0,00231792
37	0,00202802
37	0,00169009
37	0,00145196
37	0,00152185
38	0,00154037
38	0,00160734
38	0,00171909
38	0,00162106
38	0,00162587
38	0,0016332
38	0,00157706
38	0,00151851
38	0,00149308
38	0,0015893
38	0,00168321
39	0,0015864
39	0,00161107
39	0,00157694
39	0,00161066
39	0,00154514
39	0,00168561
39	0,00163244
39	0,00162248
39	0,0016632
40	0,00159836
40	0,00142771
40	0,0012446
40	0,00112804
40	0,000988735
40	0,000830777
40	0,000713895
40	0,000947403
40	0,0010836
40	0,00108184
40	0,00112934
41	0,000855765
41	0,00100663
41	0,00100259
41	0,00100264
41	0,000900746
41	0,000706327
41	0,000765923
41	0,000714492
41	0,000614707
42	0,000520589
42	0,000578471
42	0,000700765
42	0,000462022
42	0,000383414
42	0,000389048
42	0,000398289
42	0,000396043
42	0,000315147
42	0,000207015
42	5,26E-05
43	0,000173686
43	2,14E-05
43	-0,000120794
43	-0,000105759
43	-0,000129685
43	-0,000167381
43	-0,000124813
43	-9,85E-05
43	-1,70E-05
44	2,36E-05
44	6,44E-05
44	0,000116798
44	0,000118677
44	0,000245402
44	0,000216403
44	0,000301315
44	0,000239312
44	0,000375145
44	0,000340118
44	0,000241165
45	0,00030505
45	0,000252616
45	0,000319785
45	0,000398459
45	0,000327126
45	0,00026354
45	0,000354626
45	0,000228957
45	0,000254639
46	0,000195252
46	0,000224626
46	0,000159723
46	8,47E-05
46	0,000187631
46	0,000152424
46	7,17E-05
46	6,04E-05
46	4,65E-05
46	0,000110153
46	6,63E-05
47	0,000111423
47	0,000117987
47	1,69E-05
47	0,000152668
47	0,000180226
47	0,000267464
47	0,000133141
47	7,08E-05
47	0,000101808
48	9,30E-05
48	4,67E-05
48	9,26E-05
48	6,97E-05
48	0,000174424
48	9,57E-05
48	0,000127186
48	0,000179525
48	0,000121649
48	9,05E-05
48	0,000225114
49	0,000127651
49	0,000122499
49	8,34E-05
49	0,000184258
49	3,19E-05
49	-4,68E-05
49	9,38E-05
49	6,20E-05
49	0,000150949
50	9,55E-05
50	2,71E-05
50	0,000123756
50	-5,27E-06
50	9,28E-05
50	-7,26E-05
