Frequenz - Plot 0	Amplitude - Plot 0
0	0,0270946
0	0,00338616
0	0,00131599
0	-9,08E-05
0	0,000973478
0	0,000471697
1	-1,59E-06
1	-0,000657158
1	-0,00129901
1	9,50E-05
1	-0,000795293
1	-0,000854066
1	-0,000576716
1	-0,000425394
1	-0,000239426
2	-0,000507596
2	-0,000726872
2	-0,00069582
2	-0,000699403
2	-0,00101671
2	-0,000733132
2	-0,000795229
2	-0,00144036
2	-0,00111606
2	-0,00171283
2	-0,00196249
3	-0,0026114
3	-0,0040945
3	-0,00546958
3	0,00527288
3	0,0034152
3	0,00228722
3	0,00186002
3	0,00176369
3	0,00131809
4	0,00113092
4	0,00115564
4	0,000403037
4	0,000564192
4	0,000275829
4	0,000294214
4	8,31E-05
4	0,000514687
4	0,000198458
4	0,000168093
4	0,000119434
5	-3,45E-05
5	-0,000421567
5	-0,00041861
5	-0,000193921
5	-0,000397883
5	-0,00056714
5	-0,000428839
5	-0,000835726
5	-0,000565103
6	-0,0009143
6	-0,00122166
6	-0,00134561
6	-0,00135009
6	-0,00143331
6	-0,00183898
6	-0,00148108
6	-0,00202282
6	-0,00209181
6	-0,00222466
6	-0,00253861
7	-0,00249441
7	-0,00265086
7	-0,00265039
7	-0,00272416
7	-0,00304814
7	-0,00295493
7	-0,00330471
7	-0,00343193
7	-0,00349332
8	-0,0035902
8	-0,00311507
8	-0,00313826
8	-0,00228085
8	-0,00185381
8	-0,00148581
8	3,77E-05
8	0,000945004
8	0,00245896
8	0,00424293
8	0,00596972
9	0,00776605
9	0,0092503
9	0,0105535
9	0,0107941
9	0,0094153
9	0,00544385
9	-4,41E-05
9	-0,0049635
9	-0,000512214
10	0,00453785
10	0,0048958
10	0,00411936
10	0,0056491
10	0,0061306
10	0,00614533
10	0,00653887
10	0,00653737
10	0,00639775
10	0,006343
10	0,00567212
11	0,00557733
11	0,00544723
11	0,00506576
11	0,0049569
11	0,00474282
11	0,00480684
11	0,00453018
11	0,00441841
11	0,00454814
12	0,00455834
12	0,00442863
12	0,00415816
12	0,00407444
12	0,00395813
12	0,0040193
12	0,00409233
12	0,00402866
12	0,00428783
12	0,00417417
12	0,00402481
13	0,00378912
13	0,00383728
13	0,00378473
13	0,00368344
13	0,00363493
13	0,00349203
13	0,00341226
13	0,00337215
13	0,00323166
14	0,00314112
14	0,00286892
14	0,0027956
14	0,00268734
14	0,00281459
14	0,00271675
14	0,00268096
14	0,00230059
14	0,0021988
14	0,00197436
14	0,00179939
15	0,00166472
15	0,00152954
15	0,00146878
15	0,00122338
15	0,00104949
15	0,000723159
15	0,00025917
15	-0,000209705
15	-0,000477981
16	-0,000849218
16	-0,000910294
16	-0,000866107
16	-0,000570935
16	-0,00107881
16	-0,000378028
16	0,00830245
16	0,0103105
16	0,00667325
16	0,00551411
16	0,00502798
17	0,00466654
17	0,00447813
17	0,00420414
17	0,00409831
17	0,00409179
17	0,00416488
17	0,00410061
17	0,00417876
17	0,00430648
18	0,00444094
18	0,0045502
18	0,00449209
18	0,00443011
18	0,00436052
18	0,00436163
18	0,0043414
18	0,00437885
18	0,00410854
18	0,00410462
18	0,00388816
19	0,0037958
19	0,0036218
19	0,00351645
19	0,00334853
19	0,0033781
19	0,00323419
19	0,00339035
19	0,00321747
19	0,00316937
20	0,00297726
20	0,00282559
20	0,0026918
20	0,00268108
20	0,0028101
20	0,00271198
20	0,00277966
20	0,00287722
20	0,00270456
20	0,00279533
20	0,002862
21	0,00272604
21	0,0025674
21	0,00264354
21	0,00242015
21	0,00226985
21	0,00209959
21	0,00187756
21	0,00177215
21	0,00156903
22	0,0012057
22	0,00111988
22	0,000861512
22	0,000895008
22	0,00173279
22	0,00299261
22	0,00301118
22	0,00302403
22	0,00291836
22	0,00272338
22	0,00245737
23	0,00219077
23	0,00196103
23	0,00181029
23	0,00167657
23	0,00186049
23	0,00221456
23	0,00253569
23	0,00275541
23	0,003172
24	0,00344237
24	0,00371824
24	0,00392494
24	0,00380105
24	0,00365128
24	0,00328054
24	0,00309747
24	0,00287169
24	0,00276977
24	0,00266965
24	0,00267342
25	0,002601
25	0,0025717
25	0,00259789
25	0,00258017
25	0,00261805
25	0,00254811
25	0,00254245
25	0,0024036
25	0,00235136
26	0,00223452
26	0,00199184
26	0,00209294
26	0,00215637
26	0,00218373
26	0,00230702
26	0,00228033
26	0,00218453
26	0,00221471
26	0,00216348
26	0,00202969
27	0,00202482
27	0,00194261
27	0,00174963
27	0,00176871
27	0,001643
27	0,00163252
27	0,00149871
27	0,00154937
27	0,00145977
28	0,0013283
28	0,00124289
28	0,00115689
28	0,000999273
28	0,00102771
28	0,000897162
28	0,000916017
28	0,000740409
28	0,000728673
28	0,000581096
28	0,000589219
29	0,000406623
29	0,00039709
29	0,000309506
29	0,000233728
29	9,50E-05
29	0,000119227
29	-3,95E-05
29	-0,000114752
29	-0,000361779
30	-0,000362756
30	-0,000441935
30	-0,000628411
30	-0,000686713
30	-0,000864439
30	-0,00093723
30	-0,00106236
30	-0,00118326
30	-0,0012896
30	-0,0014625
30	-0,00163508
31	-0,00164584
31	-0,00186452
31	-0,00208557
31	-0,00216633
31	-0,00238234
31	-0,00258182
31	-0,00289151
31	-0,00308147
31	-0,00328336
32	-0,00329952
32	-0,00336619
32	-0,00335763
32	-0,00347276
32	-0,00342536
32	-0,00352596
32	-0,00345087
32	-0,00331537
32	-0,00323126
32	-0,00302753
32	-0,002984
33	-0,00288811
33	-0,00267867
33	-0,00252352
33	-0,00223942
33	-0,00218441
33	-0,00160556
33	-0,00115272
33	-0,000673149
33	5,39E-05
34	0,000732588
34	0,00148423
34	0,00230075
34	0,00321851
34	0,0042738
34	0,00535417
34	0,00638417
34	0,0073655
34	0,00830919
34	0,00932818
34	0,0101441
35	0,0110862
35	0,0119055
35	0,012646
35	0,0133317
35	0,0138891
35	0,0141293
35	0,0144998
35	0,0144993
35	0,014463
36	0,0144199
36	0,0139817
36	0,013341
36	0,0127926
36	0,0121631
36	0,0114426
36	0,0108195
36	0,0102733
36	0,00969854
36	0,0093467
36	0,00922319
37	0,00930839
37	0,00944096
37	0,00954542
37	0,00971202
37	0,00974694
37	0,00969055
37	0,00949862
37	0,00906357
37	0,00874212
38	0,00853593
38	0,00842767
38	0,00839566
38	0,00833807
38	0,00842604
38	0,00820046
38	0,00821475
38	0,00793439
38	0,00776824
38	0,00779508
38	0,00781009
39	0,00764883
39	0,00761223
39	0,00771693
39	0,00762876
39	0,0077624
39	0,00765548
39	0,00752129
39	0,0076574
39	0,0076321
40	0,00772936
40	0,00779457
40	0,00789278
40	0,00773379
40	0,0076249
40	0,00756428
40	0,00733655
40	0,00717895
40	0,00702971
40	0,00722705
40	0,00729896
41	0,00717594
41	0,00730932
41	0,00725401
41	0,00740955
41	0,00744078
41	0,00740464
41	0,00727164
41	0,00727412
41	0,00725948
42	0,00711959
42	0,00688783
42	0,00704534
42	0,00700121
42	0,00699649
42	0,00698396
42	0,00688036
42	0,00691213
42	0,00687157
42	0,00692201
42	0,00682968
43	0,00675727
43	0,00667434
43	0,00658791
43	0,00653176
43	0,00639012
43	0,00622117
43	0,00616827
43	0,00604052
43	0,00605181
44	0,00595868
44	0,00582485
44	0,00580331
44	0,00577088
44	0,00583754
44	0,0058258
44	0,00584785
44	0,00582318
44	0,00589665
44	0,00579265
44	0,00589843
45	0,00581071
45	0,00583423
45	0,0057996
45	0,00586793
45	0,00583151
45	0,00582854
45	0,00585883
45	0,00585659
45	0,00578021
46	0,00576516
46	0,00586345
46	0,00584933
46	0,00574132
46	0,00575329
46	0,00573107
46	0,00567133
46	0,00563619
46	0,00557719
46	0,00547068
46	0,00549708
47	0,00551324
47	0,00552685
47	0,00549901
47	0,00550858
47	0,00545053
47	0,00542949
47	0,00540048
47	0,00543229
47	0,00543121
48	0,00526906
48	0,00534304
48	0,00543949
48	0,00536734
48	0,00534972
48	0,00532703
48	0,00528119
48	0,00529321
48	0,00532156
48	0,00526378
48	0,00534106
49	0,00530889
49	0,00527377
49	0,00528528
49	0,0052197
49	0,00528492
49	0,00511532
49	0,00513121
49	0,00513481
49	0,00515196
50	0,0051747
50	0,00516268
50	0,00506131
50	0,00514714
50	0,00504697
50	0,00505736
