Frequenz - Plot 0	Amplitude - Plot 0
0	0,0219618
0	-0,000908845
0	-0,000269335
0	-0,000418632
0	0,000276475
0	-0,000334163
1	-0,000377254
1	-0,000187926
1	-0,000694056
1	1,59E-05
1	-7,34E-05
1	1,82E-05
1	-0,000101627
1	-0,00057199
1	-0,000683984
2	-0,00044161
2	-0,000163157
2	-0,000238442
2	-0,000507651
2	-0,000405204
2	-0,000676741
2	-0,000772113
2	-0,00105637
2	-0,000908726
2	-0,00132204
2	-0,00121802
3	-0,00136578
3	-0,00242759
3	-0,0031901
3	0,00407522
3	0,00410518
3	0,00138265
3	0,000872073
3	0,00116404
3	0,0011731
4	0,000629416
4	0,000658975
4	0,000623064
4	0,000535907
4	0,000645718
4	0,000493154
4	0,000561051
4	0,000665681
4	0,000442095
4	0,000525383
4	0,000483811
5	0,000415996
5	0,000462307
5	0,000385557
5	0,000366734
5	0,000315282
5	0,000455117
5	0,000283616
5	0,000326144
5	0,000309588
6	0,00022697
6	0,000130758
6	6,74E-05
6	0,000173026
6	-1,94E-05
6	-3,69E-05
6	-8,75E-05
6	-0,000125518
6	-0,000412187
6	-0,000444511
6	-0,000644642
7	-0,000572308
7	-0,000568037
7	-0,000524678
7	-0,000896925
7	-0,000870422
7	-0,000834012
7	-0,000938998
7	-0,000561368
7	-0,000610411
8	-0,000582906
8	-0,000446538
8	-0,000329693
8	-7,53E-05
8	0,000346647
8	0,000869683
8	0,00147388
8	0,00249148
8	0,00400944
8	0,00509783
8	0,00653785
9	0,00799193
9	0,00912968
9	0,0102463
9	0,0108436
9	0,0105593
9	0,00969962
9	0,00827886
9	0,00634625
9	0,00446429
10	0,00255816
10	0,00277851
10	0,00317442
10	0,00109002
10	0,001071
10	0,000998957
10	0,000745212
10	0,000805248
10	0,000749114
10	0,000753235
10	0,000825117
11	0,000743493
11	0,000779055
11	0,000862025
11	0,000767319
11	0,000852744
11	0,000849469
11	0,000956716
11	0,000873881
11	0,000889933
12	0,00087287
12	0,00095656
12	0,000944565
12	0,000885877
12	0,000816784
12	0,000834962
12	0,000817457
12	0,000739683
12	0,000611397
12	0,000538609
12	0,000632683
13	0,000767641
13	0,000801086
13	0,000819616
13	0,00082706
13	0,000990863
13	0,000910108
13	0,00106977
13	0,0011009
13	0,00128338
14	0,00129688
14	0,0015125
14	0,00150988
14	0,00160407
14	0,00175343
14	0,00176143
14	0,00193109
14	0,00201916
14	0,00219915
14	0,00230453
14	0,00228732
15	0,00242025
15	0,00243676
15	0,00250956
15	0,00274493
15	0,00285065
15	0,00298023
15	0,00310806
15	0,00334983
15	0,0035843
16	0,00368658
16	0,00391564
16	0,00396457
16	0,00444808
16	0,00469484
16	0,00374377
16	-0,00641805
16	-0,00376844
16	-0,00207402
16	-0,00157971
16	-0,00113851
17	-0,00113656
17	-0,00105374
17	-0,00091628
17	-0,00103552
17	-0,00114671
17	-0,00116874
17	-0,00123967
17	-0,00136112
17	-0,00152423
18	-0,00149017
18	-0,00150255
18	-0,00146331
18	-0,00140951
18	-0,0013524
18	-0,00129334
18	-0,0011211
18	-0,000859209
18	-0,000691931
18	-0,000516291
18	-0,000350651
19	-0,000177967
19	-0,000130278
19	-0,000189752
19	-0,000135233
19	-0,000197167
19	-0,000322251
19	-0,000590957
19	-0,000559275
19	-0,000451003
20	-0,000401888
20	-0,000439273
20	-0,000273461
20	-0,000351583
20	-0,000381507
20	-0,000450807
20	-0,000378623
20	-0,000471857
20	-0,00055916
20	-0,000435408
20	-0,000548631
21	-0,000662126
21	-0,000783433
21	-0,000772466
21	-0,000951367
21	-0,00109748
21	-0,00117376
21	-0,0012816
21	-0,00144058
21	-0,00150864
22	-0,00170643
22	-0,00184999
22	-0,00174925
22	-0,0011408
22	0,000456158
22	0,00157921
22	0,00148917
22	0,000747335
22	5,98E-05
22	-0,000303377
22	-0,000499473
23	-0,000763877
23	-0,000874592
23	-0,000868446
23	-0,000578406
23	-0,000234939
23	0,000632417
23	0,00163148
23	0,00275806
23	0,00377899
24	0,00459535
24	0,00495691
24	0,00451314
24	0,0037823
24	0,00306605
24	0,00258866
24	0,00229161
24	0,00216141
24	0,00219768
24	0,00207237
24	0,00204781
25	0,00204883
25	0,00202276
25	0,00199439
25	0,00203869
25	0,0021835
25	0,00233503
25	0,0026147
25	0,00272769
25	0,00275078
26	0,00268142
26	0,00256325
26	0,00246924
26	0,00250878
26	0,00266811
26	0,00255604
26	0,00262713
26	0,00255757
26	0,0025918
26	0,00260048
26	0,00255364
27	0,00248114
27	0,00256269
27	0,00252042
27	0,00257905
27	0,00258239
27	0,00269119
27	0,00282992
27	0,00284648
27	0,0028634
28	0,00295337
28	0,00301818
28	0,0030566
28	0,00316518
28	0,00311176
28	0,00314355
28	0,00313914
28	0,00320143
28	0,00312824
28	0,00317893
28	0,00313639
29	0,00313695
29	0,00323567
29	0,00329137
29	0,00331017
29	0,00328482
29	0,00332537
29	0,00336282
29	0,00334307
29	0,00337991
30	0,00351603
30	0,00357467
30	0,00362501
30	0,00371628
30	0,0037147
30	0,00373281
30	0,00376322
30	0,00384144
30	0,00393529
30	0,00395704
30	0,00406098
31	0,00407016
31	0,00407175
31	0,00409934
31	0,00408319
31	0,00409614
31	0,00410984
31	0,00418931
31	0,00417347
31	0,00427534
32	0,00418898
32	0,00407243
32	0,00404222
32	0,00395131
32	0,00386428
32	0,00375192
32	0,00366973
32	0,00373927
32	0,00368927
32	0,00361179
32	0,00345229
33	0,00337746
33	0,00327738
33	0,00302163
33	0,00281518
33	0,00254495
33	0,0022209
33	0,00186296
33	0,00162463
33	0,00125994
34	0,000952915
34	0,000691463
34	0,000284281
34	-5,91E-05
34	-0,000332837
34	-0,000689491
34	-0,00105661
34	-0,00143434
34	-0,00201863
34	-0,00246899
34	-0,00294269
35	-0,00341461
35	-0,00379426
35	-0,00408849
35	-0,00439833
35	-0,00450994
35	-0,00463919
35	-0,00482638
35	-0,00489613
35	-0,0048747
36	-0,00501197
36	-0,00503489
36	-0,00507617
36	-0,00509177
36	-0,00499318
36	-0,00481971
36	-0,0045316
36	-0,00407932
36	-0,00358155
36	-0,00300968
36	-0,00257942
37	-0,0022101
37	-0,00192228
37	-0,00197404
37	-0,00217346
37	-0,00245473
37	-0,002581
37	-0,0027137
37	-0,00265516
37	-0,00247429
38	-0,00207247
38	-0,00168848
38	-0,00139126
38	-0,00126896
38	-0,00136743
38	-0,00159064
38	-0,0015303
38	-0,00148127
38	-0,00134923
38	-0,0013037
38	-0,00128243
39	-0,00131473
39	-0,00122553
39	-0,00115315
39	-0,0010974
39	-0,00105594
39	-0,000975742
39	-0,0011438
39	-0,000923554
39	-0,00082037
40	-0,000697069
40	-0,000770425
40	-0,00066162
40	-0,000768098
40	-0,00084504
40	-0,000975859
40	-0,00100491
40	-0,00099201
40	-0,000974089
40	-0,00100512
40	-0,000897823
41	-0,00090161
41	-0,000751441
41	-0,000721513
41	-0,000683001
41	-0,000673686
41	-0,000756799
41	-0,000743708
41	-0,00068583
41	-0,000787346
42	-0,000894911
42	-0,000932522
42	-0,000803261
42	-0,000727779
42	-0,000551371
42	-0,00045759
42	-0,000419663
42	-0,00045852
42	-0,000421558
42	-0,000414793
42	-0,000487795
43	-0,000458894
43	-0,000433549
43	-0,0003836
43	-0,000464812
43	-0,000495262
43	-0,000566279
43	-0,000588078
43	-0,000567555
43	-0,000460908
44	-0,000460665
44	-0,000436269
44	-0,000366983
44	-0,000372759
44	-0,000390643
44	-0,000475692
44	-0,00041085
44	-0,000434592
44	-0,000462979
44	-0,000527409
44	-0,000492976
45	-0,000539386
45	-0,000540307
45	-0,000543624
45	-0,000479968
45	-0,000426497
45	-0,000443511
45	-0,000443287
45	-0,00043549
45	-0,000427546
46	-0,000368515
46	-0,000349292
46	-0,000282302
46	-0,00035098
46	-0,000308488
46	-0,00031298
46	-0,000293943
46	-0,000246862
46	-0,000279516
46	-0,000246602
46	-0,000225588
47	-0,000209867
47	-0,000230476
47	-0,000236284
47	-0,000260704
47	-0,000229044
47	-0,000235136
47	-0,000156672
47	-0,000161304
47	-0,000105219
48	-9,48E-05
48	-0,000164462
48	-9,63E-05
48	-7,65E-05
48	-6,97E-05
48	-7,11E-05
48	-7,03E-05
48	-9,04E-06
48	-8,03E-05
48	-0,000129264
48	-0,000174195
49	-0,000120356
49	-0,000130058
49	-0,000164624
49	-0,000209584
49	-9,09E-05
49	-0,000129718
49	-0,000115757
49	-0,0001075
49	-0,000111772
50	-9,87E-05
50	-5,81E-05
50	-4,63E-05
50	-5,80E-05
50	2,65E-05
50	1,90E-05
